 '  41112 1 1813N 4239EKINGDOM OF SAUDI ARABIA ABHA                          20933'
 '  41112 5 1991    48   71  175  538  278    0   58   91    0  123   39    0'
 '  41112 5 1992   806  607  117   14   75    1  118 1109  394   14  423   15'
 '  41112 5 1993   163  394    6  914  202   39   41  378  107  107   32   10'
 '  41112 5 1994     0    0  146  227  271   52   85   26   69    6   16   20'
 '  41112 5 1995     0  188  857  159  433   47  530  327   35    0    0   24'
 '  41112 5 1996   262    0  417  185  458  588  230   58    1    0  115    0'
 '  41112 5 1997   234    0 4150   73  154  289  130  437    0  196    8    0'
 '  41112 5 1998   218    0 1825  363  767   61  329  526   33    0    0    0'
 '  41112 5 1999   540    0  665    0   76  115   49  201  155    0    0   98'
 '  41112 5 2000     0    0    0  338  331   99    0  124   52    0  199  228'
 '  40420 1 2517N 4929EKINGDOM OF SAUDI ARABIA AL-AHSA                        1782'
 '  40420 5 1991   126   38  123    4    0    0    0    0    0    0    0   22'
 '  40420 5 1992    50  293  121   94   16    0    0    0    0    0    7 1409'
 '  40420 5 1993   456  735   74  443   97    0   11  194    0    0    0   10'
 '  40420 5 1994     2    0   57   23  153    0    0    0    0   67    0    0'
 '  40420 5 1995     0  248 1110  115    0    0    1    0    0    0   18 1169'
 '  40420 5 1996   505   91  433   64    0    0    0    0    0    0    1    0'
 '  40420 5 1997    63    0  471    0    6    0    0    0    0   77  946   50'
 '  40420 5 1998   327   86   69   27    0    0    0    2    0    0    0    0'
 '  40420 5 1999    41  109  166    0    0    0    0    0    0    0    0    0'
 '  40420 5 2000   631    0    0    0    0    0    0    0    0    0  130  165'
 '  41055 1 2017N 4138EKINGDOM OF SAUDI ARABIA AL-BAHA                       16519'
 '  41055 5 1991     0    0  342  163  138    0    0   40    0   46  138    0'
 '  41055 5 1992   204   28  207    1    0  118    0  691    0    0  577    0'
 '  41055 5 1993     0    0    0  391  175    0   91   16    0   47   23    0'
 '  41055 5 1994    10    0    0  155  345   62   40   27  115  174    0   60'
 '  41055 5 1995     0    7  120  211  169  135    0  114    0    0   15  218'
 '  41055 5 1996   279    0   82  100  386  145  111    8    0    0  127    0'
 '  41055 5 1997   181    0  388  349  708   20   53  263  111  477  311    0'
 '  41055 5 1998   546    0  662  331  566   90  172  169   25    0    0    0'
 '  41055 5 1999  1115    0   10   74    0   13   55   42    0    0    0   57'
 '  41055 5 2000     0    0    0  122  148   17   54   40    0  130  143   21'
 '  40361 1 2947N 4005EKINGDOM OF SAUDI ARABIA AL-JOUF                        6687'
 '  40361 5 1991    89   39  165   23    0    0    0    0    0   84    0   34'
 '  40361 5 1992   290   34   69    1    0    0    0   17    0    0   16   30'
 '  40361 5 1993   179  108   29   75  122    0    0    0    0  100    0   56'
 '  40361 5 1994   142   26  137   48   13    0    0    0  145   40   65  123'
 '  40361 5 1995   212  173   11   94    6    0    0    0    0    0    0  422'
 '  40361 5 1996   111   31   43    1   19    0    0    0    0    0  147   58'
 '  40361 5 1997   196    0   10    0    0    0    0    0    0  294  225  209'
 '  40361 5 1998   114  284  273    0   54    0    0    0    0    0    5    0'
 '  40361 5 1999    82  249   36    0    0    0    0    0    0    0   24   22'
 '  40361 5 2000   248    0    0   15   78    0    0    0    0  207   81  186'
 '  40357 1 3054N 4108EKINGDOM OF SAUDI ARABIA ARAR                           5489'
 '  40357 5 1991   178   27  278   14    0    0    0    0    0  273    0   64'
 '  40357 5 1992    62  155   26    0    0    0    0    0    0    0   92   25'
 '  40357 5 1993   110   19    4   86   55    0    0    0    0   52   30   14'
 '  40357 5 1994    81    0   19    4   10    0    0    0    9   56  144  264'
 '  40357 5 1995    47  105    4  127    0    0    0    0    0    0    0   44'
 '  40357 5 1996    35   11    8    2    0    0    0    0    0    0    7    0'
 '  40357 5 1997   111    0    0    0    0    0    0    0    0   96  430   24'
 '  40357 5 1998   112   82  352    0    0    0    0    0    0    0    0    0'
 '  40357 5 1999   138  153   26    0    0    0    0    0    0    0    0   27'
 '  40357 5 2000    69    0    0    0   10    0    0    0    0   61  125   98'
 '  41084 1 1959N 4237EKINGDOM OF SAUDI ARABIA BISHA                         11620'
 '  41084 5 1991     0    0   96   93  111    0    0    0    0    0  111    0'
 '  41084 5 1992   331   59  195    5  309    0    0  476    0    0  429    0'
 '  41084 5 1993    98    0    8  445    0    0    0    0    0   85    0    0'
 '  41084 5 1994     0    0    0  535   45    0    0    0    0   30    0    0'
 '  41084 5 1995     0    5  254  265    0    0    3    0    0    0    0  214'
 '  41084 5 1996   305    0   26  533   32  402    0    0    0    0   25   18'
 '  41084 5 1997   180    0  532   54  265  304    3    0    0  232  279    0'
 '  41084 5 1998   217    0  345  522  215   41    5   30    0    0    0    0'
 '  41084 5 1999   945    0   35   89    0    0    0    0    0    0    0   74'
 '  41084 5 2000     0    0    0   83  108    0    0    0    0    0  284   79'
 '  40416 1 2616N05010ESAUDI ARABIA            DHAHRAN                    21        380018125'
 '  40416 5 1961   127  183  129  198   00   0    0    0    0    0   274   48'
 '  40416 5 1962    00    5   00  304   00   0    0    0    0    0    0    00'
 '  40416 5 1963    0    00    6  122  228   0    0    0    0    0   144   60'
 '  40416 5 1964   330  439   00   00   0    0    0    0    0    0    0   336'
 '  40416 5 1965    90    6   00   29   0    0    0    0    0    0    0    0 '
 '  40416 5 1966     2  192   00  120   0    0    0    0    0    0    0     3'
 '  40416 5 1967    15   44   38  179   30   0    0    0    0    0    19   00'
 '  40416 5 1968    00  667   35   25   00   0    0    0    0    0   151   46'
 '  40416 5 1969   576  167    5  758   00   0    0    0    0   180   58   00'
 '  40416 5 1970    36    5    3   00   00   0    0    0    0    0    0    00'
 '  40416 1 2616N05010ESAUDI ARABIA            DHAHRAN                    17        354018125'
 '  40416 5 1971    28   12   27  369   00   0    0    0    0    0    26   00'
 '  40416 5 1972   133  125  167   90   00   0    0    0    0    0    13   32'
 '  40416 5 1973    50   00   00   10   00   0    0    0    0    0    0    79'
 '  40416 5 1974    15  123  273   00   11   0    0    0    0    00   0   940'
 '  40416 5 1975   203   19   21   21    5   0    0    0    0    0    0    57'
 '  40416 5 1976   169  639  774  537    4   0    00   0    0    00  143   84'
 '  40416 5 1977   587   0    23  188   33   0    0    0    0    14   00   42'
 '  40416 5 1978    41   48   45   00   0    0    0    0    0    0     4   00'
 '  40416 5 1979   402    9  126   00   00   00   0    0    0    00   0    58'
 '  40416 5 1980   225  391   31    1   12   0    0    0    0    0    0    00'
 '  40416 1 2616N05009ESAUDI ARABIA            DHAHRAN                    17        354018125'
 '  40416 5 1981   160   10  270                                             '
 '  40416 5 1982    30      2080   10             0    0         20  510  200'
 '  40416 5 1983         20  730  130        0    0    0    0    0    0    00'
 '  40416 5 1984    00  140  280   40   0    0    0    0    0    0    10  170'
 '  40416 5 1985    90   0    00                  0    0             110  420'
 '  40416 5 1986   120   30  150  100   20   0    0    0    0                '
 '  40416 5 1987    10   50  270   00   00   0    0    0    0    0         00'
 '  40416 5 1988   150  770   20   40   0         0    0    0    0    0    40'
 '  40416 5 1989    00   10  260   20   0    0    0    0    0    0        350'
 '  40416 5 1990   120   10  270   10   00   0    0    0    0    0    00  610'
 '  40416 1 2615N 5009EKINGDOM OF SAUDI ARABIA DHAHRAN                         168'
 '  40416 5 1991   466   39  265   18    0    0    0    0    0    0    0  224'
 '  40416 5 1992   122   11  210    6   16    0    0    0    0    0    0  611'
 '  40416 5 1993   176  372   23  191   47    0    0    0    0    0    0    5'
 '  40416 5 1994     0    0  343   59  105    0    0    0    0    3    0    6'
 '  40416 5 1995    20  183 1247   35    0    0    0    0    0    0    0  684'
 '  40416 5 1996   350  244  300   17    0    0    0    0    0    0    0    0'
 '  40416 5 1997   117    0  446   10    7    0    0    0    0   10 1210   71'
 '  40416 5 1998   816   48  127    5    0    0    0    0    0    0    0    0'
 '  40416 5 1999   277  701  145    0    0    0    0    0    0    0    0    0'
 '  40416 5 2000   143    0    0    0    0    0    0    0    0   20 1874  110'
 '  40405 1 2618N 4346EKINGDOM OF SAUDI ARABIA GASSIM                         6467'
 '  40405 5 1991   382  540  186  255    0    0    0    0    0  167   46   54'
 '  40405 5 1992   212   10  127  557   67    0    0    5    0    2  782  187'
 '  40405 5 1993   179  290  677  437  273    0    0    0    0   49   80    7'
 '  40405 5 1994    86   23  123  299  152    0    0    0   40  122  219  232'
 '  40405 5 1995    12  231  532  510   14    0    0    0    0    0   79 1108'
 '  40405 5 1996   197  163  182  280   50    0    0    0    0    0  366   35'
 '  40405 5 1997   113    0  910  127   76    0    5    0    0  335 1171  173'
 '  40405 5 1998   331   16  515  139   81    0    0    0    0    0    3    1'
 '  40405 5 1999   735   42   47   18    0    0    0    0    0    0    0  143'
 '  40405 5 2000    39    0    0   96   78    0    0    0    0   40 1104  201'
 '  40572 1 1652N04235ESAUDI ARABIA            GIZAN                       3        380024325'
 '  40572 5 1963    0    0    0    50   0    0                               '
 '  40572 5 1964                   90   0    0    0    0    0    0    0    0 '
 '  40572 5 1965    0    0    0    0    0    0    0     7   63   0   590   0 '
 '  40572 5 1966    0    00   0    0    0    0    0    0   230  220   40   0 '
 '  40572 5 1967    0    0    0   242   0    0   242   0    0    0    0    0 '
 '  40572 5 1968    0   220   0              00             00               '
 '  40572 5 1969    0         0    0    0         20   20   0    0    0    0 '
 '  40572 5 1970    00   30   20   0    0    0    13   81   00   17    4    6'
 '  40394 5 1965    0    0    0    00   0    0    0    0    0    0    0    0 '
 '  40394 5 1966   100   00  260   10   0    0    0    0    0   350   43   0 '
 '  40394 5 1967    0    0    58   0   132   0    0    0    0    00  530   0 '
 '  40394 5 1968    0    20   0   394  156   0    0    0    0   400  536   0 '
 '  40394 5 1969   170  410   0   507   35   0    0    0    0    0   472   78'
 '  40394 5 1970   199   10   0    0    0    0    0    0    0    0    52    4'
 '  41140 1 1653N 4235EKINGDOM OF SAUDI ARABIA GIZAN                            72'
 '  41140 5 1991    16  100    0    0  150    0   10  147    0    0  150    0'
 '  41140 5 1992   290   84  356    0    0    0    0  857  364  138  402  452'
 '  41140 5 1993   270  152    0 1008  426   21   80    0    0  270    0    0'
 '  41140 5 1994   150    0   60    0    0   13   50   50  200    0  520  210'
 '  41140 5 1995     0    3  105  150    0    0  812  220    0    0    0   40'
 '  41140 5 1996     0   30  260   20  194   90   27    0    0   77  250    0'
 '  41140 5 1997    33    0    0    0  490   20   10    0    0 1575  650  300'
 '  41140 5 1998     0    0  241    0    0    0  302  958   10  719    0    0'
 '  41140 5 1999   626    0   10    0    0    0   63    0  232  600    0    0'
 '  41140 5 2000     0    0    0    0  588    0   10  233  420    0  683  754'
 '  40360 1 3124N 3716EKINGDOM OF SAUDI ARABIA GURIAT                         5039'
 '  40360 5 1991   406   34  151    3    0    0    0    0    0   24    0   16'
 '  40360 5 1992    17   23    8    0   19    0    0    0    0    0   18   37'
 '  40360 5 1993    40   28   25    0   58    0    0    0    0   31    0   65'
 '  40360 5 1994   326    0   35    2    0    0    0    0   17   63   88   41'
 '  40360 5 1995     0  173    0   24    1    0    0    0    0    2    0  153'
 '  40360 5 1996    77    2   34    0    0    0    0    0    0    0  138   11'
 '  40360 5 1997   151   38   41    0    2    0    0    0    0  228  101  112'
 '  40360 5 1998   130   97  375   33    0    0    0    0    0    0    0    2'
 '  40360 5 1999    94   88    0    0    0    0    0    0    0    0    0    0'
 '  40360 5 2000    49    0    0   17    0    0    0    0    0    0    0    0'
 '  40377 1 2754N 4531EKINGDOM OF SAUDI ARABIA HAFR AL-BATIN                  4130'
 '  40377 5 1991   544  110   36   41    0    0    0    0    0   68    0   12'
 '  40377 5 1992   237    0  161   49   51    0    0    0    0    0  165  214'
 '  40377 5 1993   379  271  430  527  108    0    0    0    0    6    0    6'
 '  40377 5 1994    85    6   44  152   13    0    0    0    0  131  544  250'
 '  40377 5 1995   900  631   71  536   10    0    0    0    0    0    0  950'
 '  40377 5 1996   374   54   59  536   17    0    0    0    0    0  238   41'
 '  40377 5 1997   115    0  246  119    0    0    0    0    0  211  860  329'
 '  40377 5 1998   333   17  438   82    9    0    0    0    0    0    0    0'
 '  40377 5 1999   224  336  133  110    0    0    0    0    0    0    0  181'
 '  40377 5 2000    75    0    0    0    0    0    0    0    0    0 1473  141'
 '  40394 1 2731N04144ESAUDI ARABIA            HAIL                      988        380026125'
 '  40394 5 1965    0    0    0    00   0    0    0    0    0    0    0    0 '
 '  40394 5 1966   100   00  260   10   0    0    0    0    0   350   43   0 '
 '  40394 5 1967    0    0    58   0   132   0    0    0    0    00  530   0 '
 '  40394 5 1968    0    20   0   394  156   0    0    0    0   400  536   0 '
 '  40394 5 1969   170  410   0   507   35   0    0    0    0    0   472   78'
 '  40394 5 1970   199   10   0    0    0    0    0    0    0    0    52    4'
 '  40477 5 1961    40   0    00   0    0    0    28   00   0    0    0   300'
 '  40477 5 1962   150   0    0    0    0    0    00   0    0    0   150  750'
 '  40477 5 1963    00   25   0   250  200   0    0    0    0    0    00   00'
 '  40477 5 1964    0    63   0    0    00   0    00   0    0    0    0   180'
 '  40477 5 1965    80   0    00    2   0    0    0    0    0    0   460   0 '
 '  40477 5 1966   340   00   00   0    0    0    0    0    0    0   290   0 '
 '  40477 5 1967    0    0    0    0    0    0    00   0    0    0   330   10'
 '  40477 5 1968    0    0    0   930   20   0    0    0    0    0   380  400'
 '  40477 5 1969  1247   0    10   00   00   0    0    0    0    0    10   20'
 '  40477 5 1970   550   0    00   0    0    0    0    0    0    00   75   50'
 '  40394 1 2726N 4141EKINGDOM OF SAUDI ARABIA HAIL                          10015'
 '  40394 5 1991   104  323  513   20    0    0    0    0    0  294    3    0'
 '  40394 5 1992   153    1   69   50   88    0    0    0    0    0  388    3'
 '  40394 5 1993    64  314  805  475  343    0    0    0    0  277   16  143'
 '  40394 5 1994   134   13   50  184   82    0    0    0    4  177  390  117'
 '  40394 5 1995     0   77  245   73  175    0    0   30    0    0    7  552'
 '  40394 5 1996   227   97   85   27    0    0    0   10    0    0  296  115'
 '  40394 5 1997   211    0  232   85    5    0    0    0    0   89  390   28'
 '  40394 5 1998   227   18  773  110   26    0   42    0    3    0   45    0'
 '  40394 5 1999   270   18  219  166    0    0    0    0    0    0   10  257'
 '  40394 5 2000   113  287    0    0   70    0    0    0    0  191  448  118'
 '  40477 1 2130N03912ESAUDI ARABIA            JEDDAH                     11        380029605'
 '  40477 5 1961    40   0    00   0    0    0    28   00   0    0    0   300'
 '  40477 5 1962   150   0    0    0    0    0    00   0    0    0   150  750'
 '  40477 5 1963    00   25   0   250  200   0    0    0    0    0    00   00'
 '  40477 5 1964    0    63   0    0    00   0    00   0    0    0    0   180'
 '  40477 5 1965    80   0    00    2   0    0    0    0    0    0   460   0 '
 '  40477 5 1966   340   00   00   0    0    0    0    0    0    0   290   0 '
 '  40477 5 1967    0    0    0    0    0    0    00   0    0    0   330   10'
 '  40477 5 1968    0    0    0   930   20   0    0    0    0    0   380  400'
 '  40477 5 1969  1247   0    10   00   00   0    0    0    0    0    10   20'
 '  40477 5 1970   550   0    00   0    0    0    0    0    0    00   75   50'
 '  41026 1 2130N03912ESAUDI ARABIA            JEDDAH                     17        354029605'
 '  41026 5 1971    00  989   0     3    5   0    0    0    00   0    0    66'
 '  41026 5 1972    80   0    0    00   0    00   0    0    0    00  830  129'
 '  41026 5 1973    86   00   0    00   0    0    0    0    0    0    10   70'
 '  41026 5 1974    52   00   30   0    00   0    0    0    0    0    16  150'
 '  41026 5 1975    74   00   0   210   00   0    0    00   0    0     2   15'
 '  41026 5 1976    00   0    00   00  200   0    0    0    0    40   70   00'
 '  41026 5 1977    15   0    0    0    0    0    0    0    0    0    0   555'
 '  41026 5 1978    70  670   0    00   0    0    20   0    0    0    0    40'
 '  41026 5 1979  1022   0    0    0     2   0    0    00   12   40   0    00'
 '  41026 5 1980    00   0    17   0    0    0    0    0    0    0   327   26'
 '  41024 1 2142N 3911EKINGDOM OF SAUDI ARABIA JEDDAH KAIA                     169'
 '  41024 5 1991    70    0   60    0    0    0    0    0    0    0   72    0'
 '  41024 5 1992   402    0  148    0    0    0    0   10    0    0  675  220'
 '  41024 5 1993    68    5   10   10    0    0    0    0    0    1   60  580'
 '  41024 5 1994     5    0    0    0    0    0    0    0    3    0   87    3'
 '  41024 5 1995     3  452    0    0    0    0    0    0    0    0  315    0'
 '  41024 5 1996    25    0    0    0    0    0    0    0    0    0 2581  240'
 '  41024 5 1997   130    0    0    0    0    0    0    0    0  260   60   30'
 '  41024 5 1998   457    0  260    0    0    0    0  100    0    0  220    0'
 '  41024 5 1999   709  160   50    0    0    0    0    0    0    0    0  190'
 '  41024 5 2000     0    0    0    0    0    0    0    0    0    0  650    0'
 '  41114 1 1817N 4248EKINGDOM OF SAUDI ARABIA KHAMIS MUSHAIT                20560'
 '  41114 5 1991     0   71  688  541  114    6   97   63    0  332  114    0'
 '  41114 5 1992   157  167   52   26  147   51  642 1464  399    2  276    0'
 '  41114 5 1993    67  127   97  851  594  205   65  377   13   86    0    9'
 '  41114 5 1994     0    0   24  313  512    0  446   52    9   13   94    7'
 '  41114 5 1995     0  187  472  391  295   26  172  182   46    4    0    0'
 '  41114 5 1996    24    0  200  153  358  876  439   72    8    0  114   98'
 '  41114 5 1997    84    0 1940    7  364  491  111   66    0  407   89    0'
 '  41114 5 1998    32    0  610  502  787  216  204  389    0    0   15    0'
 '  41114 5 1999   348    0  292   74   86    0  378  154   48    0    0   20'
 '  41114 5 2000     0    0    0  465  321    0   19   76    0    0  230   72'
 '  40430 1 2432N 3941EKINGDOM OF SAUDI ARABIA MADINAH                        6356'
 '  40430 5 1991    96  226   45   93    7    0    0    0    0   52  124    0'
 '  40430 5 1992   216    0   75    0    2    0    0  131    5   51  211   40'
 '  40430 5 1993    10   25  439  256  319    0    0    0    0   84   14  368'
 '  40430 5 1994    16    0    0    0  444    0    0  110   67  123   20  150'
 '  40430 5 1995     0   30  394    0   11    0    0  152    0    0   60  444'
 '  40430 5 1996     0    0    0    2    0    0    2    8    0    0  168    4'
 '  40430 5 1997   172    0   40    4   23    0    0    0    0  319  376   47'
 '  40430 5 1998    60    0  136  460  154    0    0  395    0    0    0    0'
 '  40430 5 1999   317    0    0   88    0    0    0   14   15    0    0  157'
 '  40430 5 2000     0    0    0    0    0    0    0    0    0    0  634    0'
 '  41030 1 2126N 3946EKINGDOM OF SAUDI ARABIA MAKKAH                         2403'
 '  41030 5 1991   488    2   93    0   23    0    0    0    0  151   69  153'
 '  41030 5 1992   667   35    0    0    0    0    0  462    8  181  407  648'
 '  41030 5 1993    57   20    0  196   11    0    0    0   72   42    7  494'
 '  41030 5 1994   181    0    6    0    0    0    0    0   70  453   22  114'
 '  41030 5 1995     0   40   40    0    0    0  252    0    0    0    0  390'
 '  41030 5 1996   161    0    0    6   30    0    0   13  118    0 1552  129'
 '  41030 5 1997    94    0    0    0    0    0    0    0    0  478  588   66'
 '  41030 5 1998   227    0  358   18   46    0    0  359   32  314    0    0'
 '  41030 5 1999   505    0    0    0    0    0    0   17  301   40    0  140'
 '  41030 5 2000    30    0    0    0    0    0   91    0    0  124 1125   22'
 '  40430 1 2433N03943ESAUDI ARABIA            MEDINA                    632        380042405'
 '  40430 5 1961    76   00   0   127  120   0    10   0    0    0    10   90'
 '  40430 5 1962    0    0    0    0    0    0    00   0    0    0    0   110'
 '  40430 5 1963   210   0    0   100   60   0    0    10   0    0   210   0 '
 '  40430 5 1964    0    0    90   15   0    0    0    0    0    0    0    90'
 '  40430 5 1965    10   0    40   0    0    0    0    0    0    0   139   0 '
 '  40430 5 1966    20   90   0    90   0    0    0    0    0    40   30   0 '
 '  40430 5 1967    0    0    70   0    0    0    0    0    0    0    30   0 '
 '  40430 5 1968    0    0    0   252  170   40   43   0    0    0   240   20'
 '  40430 5 1969   700   0    0    0    0    0    0    0    0    24  105   0 '
 '  40430 5 1970    83   0    0    40   0    0    0    0    0    0    00    2'
 '  40430 1 2433N03942ESAUDI ARABIA            MEDINA                    636        354042405'
 '  40430 5 1971    21   0   470  380  120   0    0    0    0    0    44    3'
 '  40430 5 1972   210   0    0   135   23   00   0    0    0    0    27   0 '
 '  40430 5 1973    00   0    0     4   00   0    0    0    0    0    0     3'
 '  40430 5 1974   193    4  288   0   139   0    0    0    0    0     2  153'
 '  40430 5 1975    00   0    00  198   0    0    0     2   0    0    0    0 '
 '  40430 5 1976    00    5   12   31   46   0    0    0    0    39  215   0 '
 '  40430 5 1977    00   0    0    0    14   0    0    11   0    0    0   145'
 '  40430 5 1978     2   0    73   25   00   0    60   0    0    0    0   118'
 '  40430 5 1979   295   73   0    0   124   00   0    13   0    70   0     5'
 '  40430 5 1980    0    0     4   0    00   0    0    0    0    0    54   0 '
 '  40430 1 2433N03942ESAUDI ARABIA            MEDINA                    636        354042405'
 '  40430 5 1981   100   50  140   00  210   0    0    0    0    0   170   10'
 '  40430 5 1982    20       170  790  400   0              0   130   00   0 '
 '  40430 5 1983         40   0    90        70   0    0         0    0    00'
 '  40430 5 1984    0    0    0   110   0    0    0    0    60   0   620   0 '
 '  40430 5 1985   100   0    0                   0    0             550  130'
 '  40430 5 1986    00   80  120  190   10   0    0    00   00               '
 '  40430 5 1987    0    00  280        50   0         00   00   20   00   20'
 '  40430 5 1988    00        00   50   00        0    0         00   0    10'
 '  40430 5 1989    0    40  410  410   00   00   0    00   0    0    10  210'
 '  40430 5 1990   220   0    50   0   920   0    0   130   00   50  220   40'
 '  41128 1 1736N 4424EKINGDOM OF SAUDI ARABIA NAJRAN                        12123'
 '  41128 5 1991     0    0  127    3    0    0    0    0    0   13    0   10'
 '  41128 5 1992     1    1   66  106  124    0    0  635    0   80   16   54'
 '  41128 5 1993     6   38    0  317  415    0    0    0    0   14    0    0'
 '  41128 5 1994     0    0   86   20    0    0   29   66    0    0    0    0'
 '  41128 5 1995     0   10   28   10    0    0   50   68    0    0    0    5'
 '  41128 5 1996    88    0 1711  103    0  770   70    0    0    0    0    0'
 '  41128 5 1997     0    0  203   32   10  130    0    0    0  224  285    0'
 '  41128 5 1998    40    0  204  255  550    0   20  430    0    0    0    0'
 '  41128 5 1999   480    0   18    0    0    0    0    0    0   39    0    0'
 '  41128 5 2000     0    0    0    0  350    0    0    0    0    0  168    0'
 '  40373 1 2819N 4607EKINGDOM OF SAUDI ARABIA QAISUMAH                       3576'
 '  40373 5 1991   343  287  104   16    0    0    0    0    0   98   20    3'
 '  40373 5 1992   234    9   77   53   35    0    0    0    0    0  131  302'
 '  40373 5 1993   292  369  360  400   85    0    0    0    0   13    2    0'
 '  40373 5 1994    64    2   74   88    9    0    0    0    0  422  669  330'
 '  40373 5 1995    44  384  128  308   15    0    0    0    0    0    7 1069'
 '  40373 5 1996   506  127  195  393    0    0    0    0    0    0  176   30'
 '  40373 5 1997   102    0  100  172    0    0    0    0    0   43  586  292'
 '  40373 5 1998   214   29  515   44   12    0    6    0    0    0   48    0'
 '  40373 5 1999   250  366  241  163    0    0    0    0    0    0   30   78'
 '  40373 5 2000   120    0    0   22    0    0    0    0    0    0  986  198'
 '  40362 1 2937N 4329EKINGDOM OF SAUDI ARABIA RAFHA                          4441'
 '  40362 5 1991   311  155  223   38    0    0    0    0    0  121    0  170'
 '  40362 5 1992   178   48  184   85    0    0    0    0    0    0  192   51'
 '  40362 5 1993    81  175    4  737  152    0    0    0    0   73   80   83'
 '  40362 5 1994   209   21  109  249   16    0    0    0    0    0  489  199'
 '  40362 5 1995   181  273  290  172   10    0    0    0    0    0    7  464'
 '  40362 5 1996   155  327   46   13   52    0    0    0    0    0  228    3'
 '  40362 5 1997   160    0  315   50    0    0    0    0    0   30  635  297'
 '  40362 5 1998   184   29  988   55   33    9    0    0    0    0   38    0'
 '  40362 5 1999   422  343  223   33    0    0    0    0    0    0    0  167'
 '  40362 5 2000   245   56   26   25    0    0    0    0    0   94  221  194'
 '  40438 1 2442N04644ESAUDI ARABIA            RIYADH                    608        380057165'
 '  40438 5 1961    33   98  290   54   23   0    20   0    0    0   138   0 '
 '  40438 5 1962    10   0    65  243   0    0    0    0    0    0   440    5'
 '  40438 5 1963    0    0    15  510  150   0    0    0    0    0   285   0 '
 '  40438 5 1964   520  160   70   0    10   0    0    0    0    0    0   700'
 '  40438 5 1965    50   20    5  490   0    0    0    0    0    0   240   0 '
 '  40438 5 1966    20   80   00   55   0    0    0    0    0    0    0    0 '
 '  40438 5 1967    00   61  874  443  690   0    0    0    0    0   160   0 '
 '  40438 5 1968    0   140   25  506  321   0    0    0    0    0    59   62'
 '  40438 5 1969  1111   42  200  161  127   0    0    10   0    0    56    4'
 '  40438 5 1970   107   0   157   10   0    0    0    0    0    0    0    16'
 '  40375 5 1964                   0    0    0    0    0    0    0    0    0 '
 '  40375 5 1965    87   0    0    0    0    0    0    0    0   111   73   0 '
 '  40438 1 2443N04643ESAUDI ARABIA            RIYADH                    612        354057165'
 '  40438 5 1971    0    0   169 1133   0    0    0    0    0    0    0    15'
 '  40438 5 1972   257   13  996  751   33   00   0    0    0    00   73  174'
 '  40438 5 1973    55   0    0   200   51   0    88   0    0    0    0   299'
 '  40438 5 1974    46   69  228    8  261   0    0    0    0    00   0   126'
 '  40438 5 1975   293   34  484  563   00   0    0    0    0    0    0   395'
 '  40438 5 1976    53  217  787 1243   89   0    00   0    0    00   35  153'
 '  40438 5 1977    18   21  102  233   81   0    0   174   0    56   0    75'
 '  40438 5 1978    25   64   00   63    5   0    00   0    0    0    42   0 '
 '  40438 5 1979    50   00    8   22  149   22   0    0    0     4   0   144'
 '  40438 5 1980   171  392   36   14    1   0     3   0    0    0    38   19'
 '  40438 1 2443N04644ESAUDI ARABIA            RIYADH                    620        354057165'
 '  40438 5 1981    00  170 1230                                             '
 '  40438 5 1982    00            190  340   0    0    0    0   270   50  160'
 '  40438 5 1983         40  410  150        0    0    00        0    0    0 '
 '  40438 5 1984    00  110        40   40   0    0    0    00   0    00  120'
 '  40438 5 1985    70   0    60                  0    0              00  220'
 '  40438 5 1986         10  170 1040   0         0    0    0             460'
 '  40438 5 1987         10  480   0              0    10   0         0    0 '
 '  40438 5 1988   130  360  970 1050   0         0    0    0    0    0      '
 '  40438 5 1989    10   10  350  300   0    0    0   110   0         0    0 '
 '  40438 5 1990   150   70  270   10   50   0    0    0    0    0    20  340'
 '  40437 1 2455N 4643EKINGDOM OF SAUDI ARABIA RIYADH NEW                     6135'
 '  40437 5 1991   170  255  176  262    0    0    0    0    0    7    0  114'
 '  40437 5 1992   197  164  735  272   19    0    0    0    0    0   40  493'
 '  40437 5 1993   736  301  172  924  370    0    0    0    0    0    0    4'
 '  40437 5 1994    11    0  158  203  156    0    0    0    0    5    0   12'
 '  40437 5 1995    12  156  824  516    0    0    0    0    0    0   71  986'
 '  40437 5 1996   531   53  944  389  100    0    0    0    0    0   15    0'
 '  40437 5 1997   224    0  383  227    3    0    0    0    0  289 1928   35'
 '  40437 5 1998   439    0  114  171    0    0    0    0    0    0    0    0'
 '  40437 5 1999   245   68    0    0    0    0    0    0    0    0    0   11'
 '  40437 5 2000   146    0    0   45   50    0    0    0    0    0  511    0'
 '  40438 1 2442N 4644EKINGDOM OF SAUDI ARABIA RIYADH OLD                     6196'
 '  40438 5 1991   246   49  113   13    0    0    0    0    0    0    0   54'
 '  40438 5 1992   118   75  270   98   48    0    0    0    0    0   16  338'
 '  40438 5 1993   546  156  100  722  395    0    0    0    0    0    0    0'
 '  40438 5 1994     0    0  226  231  212    0    0    0    0    0    0    0'
 '  40438 5 1995     0   89 1089  656    0    0    0    0    0    0   48  639'
 '  40438 5 1996   417   30  934  361  138    0    0    0    0    0   50    0'
 '  40438 5 1997   158    0  473  244   50    0    0    0    0  165  980   55'
 '  40438 5 1998   302    0  153  227    0    0    0   56    0    0    0    0'
 '  40438 5 1999   135   20   10    0    0    0    0    0    0    0    0   10'
 '  40438 5 2000   147    0    0    0   33    0    0    0    0   30  332    0'
 '  41136 1 1728N 4706EKINGDOM OF SAUDI ARABIA SHARORAH                       7246'
 '  41136 5 1991     0    0    0    0    0    0    0    2    0    0    0    0'
 '  41136 5 1992     0   27    0  283   20    0    0  158    0    0    0    5'
 '  41136 5 1993     3  137    0   73  154    0    0    0    0    0    0    0'
 '  41136 5 1994     0    0  160    0    0    0    0    0    0    0    0    0'
 '  41136 5 1995     0    0  557  116    0    0   36  115    0    0    0    0'
 '  41136 5 1996     0    0  356   32    0  904    0    0    0    0    0    0'
 '  41136 5 1997   121    0 1053    0    0   32   86    0    0   68  108    0'
 '  41136 5 1998     0   71  895  255  191    0  175  223    0    0    0    0'
 '  41136 5 1999     0    0   53    0    0    0  347   46    0    0    0    0'
 '  41136 5 2000     0    0    0    0    0    0  150  205    0    0   24    0'
 '  40375 1 2822N03635ESAUDI ARABIA            TABOUK                    769        380063165'
 '  40375 5 1964                   0    0    0    0    0    0    0    0    0 '
 '  40375 5 1965    87   0    0    0    0    0    0    0    0   111   73   0 '
 '  40375 5 1966    0     6  400   0    0    0    0    0    0    0   104   0 '
 '  40375 5 1967    0    50   0    0   130   0    0    0    0    0   470   0 '
 '  40375 5 1968    0    0   110       310   0    0    0    0    0   840   0 '
 '  40375 5 1969   700   0    0    40        0    0    0    0    0    0    0 '
 '  40375 5 1970  1270  330   0    0    0    0    0    0    0    0    0    0 '
 '  40480 5 1961   150   0    31  240  120   60  260   0    0    20  470  210'
 '  40480 5 1962    30   0   330  120  200  200   10   50   10   0   140 1280'
 '  40480 5 1963   150  770   0   675  950   0    0   110   50   0  1130   0 '
 '  40480 5 1964    10   0    70  190   10  340  190   20   60   0   180   20'
 '  40480 5 1965    00   0    40   0   140  160   0    0   190  310  600   40'
 '  40480 5 1966    60   0    70  190   60   20   0    80   80  290  720   0 '
 '  40480 5 1967    0    0    0   250  150  150   0    00   90   60  750   10'
 '  40480 5 1968    0    30   0  1324  977   50   0    80   0    0   352   0 '
 '  40480 5 1969   550  482  311   80   20   0    0   340   10   12  260   0 '
 '  40480 5 1970   210   0   320   36   96   0    10   0     5   0   150  260'
 '  40375 1 2822N 3636EKINGDOM OF SAUDI ARABIA TABUK                          7681'
 '  40375 5 1991   362    2  242    0    0    0    0    0    0   60    0   11'
 '  40375 5 1992    20   14    0    0    0    0    0  200    0    0   24    7'
 '  40375 5 1993    11   11    0   45    3    0    0    0    0   89    0  177'
 '  40375 5 1994    50    6    0    0   13    0    0    0   17  244  133    2'
 '  40375 5 1995     0    2  109    2    9    0    0    0    0    0    0    0'
 '  40375 5 1996     4    0   13    0    0    0   14    0    0    0  108   41'
 '  40375 5 1997   211    0   24    0   28    0    0    0    0   64    0    1'
 '  40375 5 1998    33   15   32    0   18    0    0    1    0    0    0    0'
 '  40375 5 1999    23  137  114    0    0    0    0    0    0    0    0    0'
 '  40375 5 2000    75   25    0    0    0    0    0    0    0   10   77   40'
 '  40480 1 2129N04032ESAUDI ARABIA            TAIF                     1457        380068235'
 '  40480 5 1961   150   0    31  240  120   60  260   0    0    20  470  210'
 '  40480 5 1962    30   0   330  120  200  200   10   50   10   0   140 1280'
 '  40480 5 1963   150  770   0   675  950   0    0   110   50   0  1130   0 '
 '  40480 5 1964    10   0    70  190   10  340  190   20   60   0   180   20'
 '  40480 5 1965    00   0    40   0   140  160   0    0   190  310  600   40'
 '  40480 5 1966    60   0    70  190   60   20   0    80   80  290  720   0 '
 '  40480 5 1967    0    0    0   250  150  150   0    00   90   60  750   10'
 '  40480 5 1968    0    30   0  1324  977   50   0    80   0    0   352   0 '
 '  40480 5 1969   550  482  311   80   20   0    0   340   10   12  260   0 '
 '  40480 5 1970   210   0   320   36   96   0    10   0     5   0   150  260'
 '  40439 5 1967    0    0    0    0    0    0    0    0    0    0   120   0 '
 '  40439 5 1968    30   10   0    0    0    0    0    0    0   368  760  310'
 '  40439 5 1969    35   63   0    0    0    0    0    0    0    0    68   20'
 '  40439 5 1970    65   0    0    0    0    0    0    0    0    0    0    0 '
 '  46692 5 1961   500 1600 2500 1100 1900  700 4000 1000 3600  800  500 1200'
 '  46692 5 1962  1100  800 2900 1200 1800 2130 1930 3250 3060 1040  970  380'
 '  41036 1 2128N 4032EKINGDOM OF SAUDI ARABIA TAIF                          14527'
 '  41036 5 1991    89    0  297  752  364    0    0    0    0  351    0    0'
 '  41036 5 1992   384    3   11    0  405    0    2 1432    0  398  769   80'
 '  41036 5 1993   182    0    6  160  706    0    2    0   32  317   83   85'
 '  41036 5 1994    22   20    8 1985  163    0    0   12  204  232    0   28'
 '  41036 5 1995   122    0   79  276 1023    0   45    0  168    1  102  176'
 '  41036 5 1996    97    0    4   37  278  467   18  158    0    0 2436  108'
 '  41036 5 1997   125    0  113   48   57    0    0    0  586 1274  259   18'
 '  41036 5 1998   154    0  744  305  143    8   48  936  162    0    0    0'
 '  41036 5 1999   351    0  118    0  138    0    0  115  326    0    0   17'
 '  41036 5 2000     0    0  137  116  547    0  125   13    0   34  377   20'
 '  40356 1 3141N 3844EKINGDOM OF SAUDI ARABIA TURAIF                         8524'
 '  40356 5 1991   277    6  183    5    0    0    0    0    0  126    0     '
 '  40356 5 1992    33  261    8    8   52   15    0    0    0    0   34   72'
 '  40356 5 1993   146   81   21   23  101    0    0    0    0  186   34   28'
 '  40356 5 1994   294   29   35   35    0    0    0    0   71  117    0  372'
 '  40356 5 1995     0  267    4  251   16    0    0    0    0    0  255    9'
 '  40356 5 1996   194   29   43   23    0    0    1    0    0    0  232   12'
 '  40356 5 1997    65   89   89    4   12    0    0    0    0  151  185   83'
 '  40356 5 1998   221  106  121  143   16    0    0    0    0    0    0   16'
 '  40356 5 1999    22  108   28    5    0    0    0    0    0    0    0  186'
 '  40356 5 2000   288    1    0    0    0    0    0    0    0  132  111     '
 '  41061 1 2030N 4513EKINGDOM OF SAUDI ARABIA WADI AL-DAWASSER               6220'
 '  41061 5 1991     0    0  174   13    0    0    0    8    0    0    0    0'
 '  41061 5 1992    67   73   92    0   18    0    0  247    0    0   29   31'
 '  41061 5 1993     1   18    0   85  148    0   15    0    0    0    0    0'
 '  41061 5 1994     0    0   40   25    0    0    0    0    0    0    0    0'
 '  41061 5 1995     0   10  140  180   56    0    0    5    0    0    0   19'
 '  41061 5 1996   166    0  182   11    0    4    0    0    0    0    0    0'
 '  41061 5 1997     5    0  154   21    0    0    0    0    0  129  145    0'
 '  41061 5 1998    10    0  120    0  238    0    0    0    0    0    0    0'
 '  41061 5 1999     0    0   10    0    0    0    0   35    0    0    0    0'
 '  41061 5 2000     0    0    0  104    0    0    0    0    0   20    0   15'
 '  40400 1 2612N 3628EKINGDOM OF SAUDI ARABIA WAJH                            237'
 '  40400 5 1991    55    2  104    0    0    0    0    0    0    0    0    1'
 '  40400 5 1992   115   47    0    0    0    0    0    0    0    0    0   37'
 '  40400 5 1993    24  536    0    7    0    0    0    0    0  168    0   17'
 '  40400 5 1994   130    0   10    0    0    0    0    0   30    2  110    0'
 '  40400 5 1995    71    1    3    0    0    0    0    0    0    0    0    0'
 '  40400 5 1996    29    0    4   11    0    0    0    0    0    0 1376   13'
 '  40400 5 1997   708    0  239    0    0    0    0    0    0   18    0    7'
 '  40400 5 1998    77   71   33    2   62    0    0    0    0    0    0    0'
 '  40400 5 1999    47    0    0   35    0    0    0    0    0    0    0   17'
 '  40400 5 2000    58    0    0    0    0    0    0    0    0    0   20   72'
 '  40439 1 2408N 3803EKINGDOM OF SAUDI ARABIA YANBO                           104'
 '  40439 5 1991     0    0    6    4    0    0    0    0    0   48    0    0'
 '  40439 5 1992   194    2   10    0    0    0    0    0    0    0  487  125'
 '  40439 5 1993     4  108   34   81    0    0    0    0    0  113   76  485'
 '  40439 5 1994    10    0    0    0    0    0    0    1    0   29   85  430'
 '  40439 5 1995     0    5    0    0    0    0    0    0    0    0    6    0'
 '  40439 5 1996     0   14    0    7    0    0    0    0    0    0  255  291'
 '  40439 5 1997   411    0    3    0    0    0    0    0    0    9   66   22'
 '  40439 5 1998     0    0   48    0    0    0    0    0    0    0    9    0'
 '  40439 5 1999   126    0    0    0  165    0    0    0   13    0    0    0'
 '  40439 5 2000     0    0    0    0    0    0    0    0    0    0  120    0'
 '  40439 1 2407N03803ESAUDI ARABIA            YENBO                       6        380085325'
 '  40439 5 1967    0    0    0    0    0    0    0    0    0    0   120   0 '
 '  40439 5 1968    30   10   0    0    0    0    0    0    0   368  760  310'
 '  40439 5 1969    35   63   0    0    0    0    0    0    0    0    68   20'
 '  40439 5 1970    65   0    0    0    0    0    0    0    0    0    0    0 '
 '  46692 5 1961   500 1600 2500 1100 1900  700 4000 1000 3600  800  500 1200'
 '  46692 5 1962  1100  800 2900 1200 1800 2130 1930 3250 3060 1040  970  380'
 '  46692 5 1963   250  450  870  460 1090 2310 1790 1510 6350  260  920  800'
 '  46692 5 1964  2390 1040  600   10  870 2580 1800 3090  780  970  150  470'
 '  46692 5 1965  1440  290  870 1580 1570 3180 1690 1800  540  970 1090  670'
 '  46692 5 1966   300 1180 1390 1980  650 5960 1140 2910 7150  200   40  360'
 '  46692 5 1967   720 1070  680 1170 2320 1570 1590 2540 1070 1590 1060 1060'
 '  46692 5 1968   230 3730 1760  820 2280 3280 2200 1560 3940  180   20  210'
 '  46692 5 1969   770 1480 2250  300  600 2460 2170 2980 6910 4690  710  200'
 '  46692 5 1970  1210  320 2820  880 1120 2550 2140 3190 4810 1210 1120 1500'